structure(list(MDS.X = c(0.17351249342829, 0.118112767195498, 
-0.132940750767384, -0.0478993592026596, -0.151310331240584, 
-0.108423070106555, -0.0723169963546754, -0.0520467164850654, 
0.133460333594043, 0.0463650372431206, -0.0873020762809194, -0.157941469136664, 
0.0550078093880167, -0.115073650565802, -0.0365233972677411, 
-0.0358942297706386, 0.166848555958757, -0.0366929133969505, 
-0.0661193969091765, 0.151564792103313, -0.0608498599753025, 
-0.089918935864228, -0.186420645222951, 0.0854114995905746, 0.0407428591214509, 
-0.118711505062246, -0.171893487490121, 0.0698949085602062, -0.16323717029429, 
-0.167435733035022, -0.115987012330567, -0.0768968766587923, 
-0.215000187781432, 0.120686541877573, 0.0233934915997191, 0.193936754099184, 
0.0967625858444614, 0.113918125628138, -0.142651802706285, 0.234320324401965, 
0.14240725283535, 0.0630539479009023, -0.0144959438259053, -0.124103853034587, 
0.111960845779285, 0.163986571675291, 0.126685595257478, -0.0610057630055149, 
-0.0495322985315743, -0.0185604326866643, -0.169561587300511, 
-0.168322681053163, 0.0874879230204714, -0.108592155898716, 0.0991798595264299, 
-0.177087764249986, 0.178712838410246, 0.0222235709605187, -0.0325313651845719, 
0.148953894112016, -0.104045813877665, -0.138858760299845, -0.111792825123026, 
-0.0976336860672591, 0.0346215236450227, 0.121431145964049, 0.066189648729171, 
0.164478562991784, 0.0523389422064229, 0.131790042905188, 0.0741811658670331, 
0.14755231270428, 0.101823116704637, 0.0230017147582229, 0.00494750371696151, 
0.0182837152379733, 0.139854821848529, -0.0623168941767886, -0.0534111766784733, 
0.0458706334164294, -0.167636755244265, -0.0377141719138198, 
0.0975090549057348, -0.228112279629413, -0.164734964514788, 0.177029232505196, 
-0.0269714485257017, -0.16722295957284, 0.041823830635621, 0.183062372218346, 
-0.131620799494882, 0.0105156553087798, -0.0348561023167775, 
-0.00954795856616074, 0.16240862289246, -0.0215078780648304, 
-0.0554763930125232, 0.0884943331963874, -0.124384624263113, 
0.191650279054927), MDS.Y = c(0.00789652097805918, -0.126474861787805, 
0.0514700507761577, -0.244732801360257, 0.00534806025854311, 
-0.0800944665438171, 0.181864588632432, -0.0958048006001696, 
0.0596808700713871, 0.0742474546536445, 0.0777580036793883, 0.0753025224962355, 
0.10391187418527, 0.0743340932462657, -0.18830968669027, 0.0828226187133258, 
-0.0255315634903757, -0.0744121415140662, -0.0761289842424435, 
0.0183147198632284, -0.109560035282652, -0.0127497584329998, 
-0.05522835681101, 0.0504439242555128, 0.0444147235304578, 0.171858101170786, 
0.0442495455142965, 0.141738602321962, 0.108963651383985, 0.048544348670187, 
0.0582462031196336, -0.0246826094918458, 0.0586175228616809, 
0.00392197181349265, 0.0709935992276668, 0.0124403793277866, 
-0.0761860900684484, -0.137624594137919, 0.0611144551559703, 
-0.0301019034604009, 0.0432486123015031, 0.0288005442569685, 
0.0118719129086361, -0.0183922597143962, 0.0476046996241899, 
0.0536916060936047, 0.137630514074639, -0.217974845272434, -0.185778680064284, 
-0.0869205478846858, 0.0154930182758008, 0.075084638803893, 0.071054678074353, 
0.0843255119378407, -0.0525106212522412, 0.0997702788961577, 
0.0418131553855023, 0.140058908441385, -0.195952374594272, 0.0557772935709977, 
0.121180322237543, 0.0217866218677671, 0.00490783330352225, 0.00644516696048192, 
0.0826070422316929, -0.077624690535955, -0.0148011778117427, 
-0.0145913815238137, 0.0560748593754282, -0.0374182300008163, 
-0.0499342220020684, 0.0372653059195984, -0.141148775831308, 
-0.0969593345153987, -0.184325423171929, -0.0308841510804776, 
0.0330935756025074, 0.1334883355052, -0.0530848982288037, -0.0878018156503901, 
0.00664675604593264, -0.0474888285373039, -0.0403734312537895, 
0.0490294132410053, -0.00583571133281844, 0.0200261011721465, 
-0.143088170035186, -0.0588026232032748, 0.0723232253778344, 
-0.0133153166617337, -0.162932271721335, -0.0268287091092161, 
0.0616030016561505, 0.0632736343689621, 0.01577372805039, -0.22909702415806, 
-0.163512442414572, -0.024212203172257, 0.0581516572271883, 0.0523216344297746
), paper_count = c(-999, -999, -999, -999, -999, -999, -999, 
-999, -999, -999, -999, -999, -999, -999, -999, -999, -999, -999, 
-999, -999, -999, -999, -999, -999, -999, -999, -999, -999, -999, 
-999, -999, -999, -999, -999, -999, -999, -999, -999, -999, -999, 
-999, -999, -999, -999, -999, -999, -999, -999, -999, -999, 3, 
-999, -999, -999, -999, -999, -999, -999, -999, -999, -999, -999, 
-999, -999, -999, -999, -999, -999, -999, -999, -999, -999, -999, 
-999, -999, -999, -999, -999, -999, -999, -999, -999, -999, -999, 
-999, -999, -999, -999, -999, -999, -999, -999, -999, -999, -999, 
-999, -999, -999, -999, -999)),